RDA2
A
2
197121
131840
1026
1
262153
10
mmm_mining
66329
1026
1
262153
7
formula
774
1026
1
262153
5
class
16
1
262153
7
formula
1026
1
262153
12
.Environment
253
254
1
262153
1
~
2
1
262153
5
value
2
1
262153
1
.
254
1026
1
262153
5
model
16
1
262153
4
mlpe
1026
1
262153
4
task
16
1
262153
3
reg
1026
1
262153
4
mpar
531
2
14
1
4
14
1
3
1026
1
262153
5
names
16
2
262153
4
size
262153
2
nr
254
1026
1
262153
10
attributes
13
8
1
2
3
4
5
6
7
8
1026
1
262153
5
scale
16
1
262153
3
all
1026
1
262153
9
transform
16
1
262153
4
none
1026
1
262153
7
created
16
1
262153
19
2015-08-03\04013:53:32
1026
1
262153
4
time
526
1
0.04999999999999716
1026
3071
16
1
262153
7
elapsed
254
1026
1
262153
6
object
531
6
19
3
787
18
14
3
7
4
1
13
1
13
14
14
0
0
0
0
0
0
0
0
0
8
16
24
32
37
14
37
0
1
2
3
4
5
6
7
0
1
2
3
4
5
6
7
0
1
2
3
4
5
6
7
0
1
2
3
4
5
6
7
0
8
9
10
11
14
1
12
14
1
0
10
1
0
10
1
0
10
1
0
14
1
19.50189344836587
14
37
-4.689951045220361
-0.7791472946701932
-0.3672080031762168
-2.033978042715581
1.035959917043577
-5.242724803117741
1.070920192353247
4.416020303638833
-2.586103080988284
-1.823549659560552
-0.9858007521177152
0.6615248562354903
0.8156039230243811
-11.08002407609079
2.433278687515103
10.40584632624638
-4.959754249727131
0.1446992790516348
-0.445547989838572
-5.203490834433592
-1.589954199751516
8.75392734204234
1.530602194233592
-4.76201590446899
-2.806630231304791
-1.475728646446478
-0.4081001143047717
-0.2749830059903786
0.6676080839396619
0.474450791279901
-0.1055531442118546
-0.9197495486799881
-0.8092261313584532
-3.064363927205765
2.062858096777663
-0.8239170193884899
3.896149357608793
13
1
1
526
289
0.2039791422995902
1.261360895485872
0.6199771294269576
-0.9504554190573262
-0.7610428361854408
-0.7855180279603009
-0.7547922603506347
0.846975970833499
-0.7325220740865842
1.083393343482662
-0.8004377236778526
-0.7576509517622594
1.407979189743834
-0.7342597992553609
-0.7657509774251455
-0.7563299094235121
-0.5170312769051287
-0.8159447679248273
-0.7789971883057774
1.815568822380661
1.810038110316145
-0.7482485760728507
1.214959507978605
0.8975428611460333
1.580455644325486
-0.5719994474299155
2.26080629608125
-0.6356248786747157
-0.7829175030823501
1.337344039620395
1.105134354616616
-0.7219951540294686
-0.7656044891154794
-0.4396623752078261
-0.537044232252134
-0.8011199726821692
-0.3005343104541514
1.461605473516569
-0.7789097146303043
-0.8159773978462108
-0.7988742379491962
-0.8688291351740246
1.553734382141961
1.338366800579449
-0.7176314385173426
-0.6011688725323887
-0.8014491902348641
-0.7840711636850581
-0.7718436161328067
1.536705303423304
-0.649535515534325
1.418579471656853
-0.850405084533871
-0.7926370374302188
-0.5831685505027238
0.07666159494600711
-0.4588274316136878
-0.821050963242308
-0.7923740002480119
-0.7934849486111881
-0.697226859838926
-0.7692823241852885
1.242601059584985
1.545251801824878
1.320345967365072
-0.7835356322983498
0.5531542415289099
-0.8793391975994774
-0.4586361303431478
0.6152245036177143
-0.6696894990546998
-0.7778168209966936
-0.8267799731003083
-0.7512250035362248
-0.7740546753415929
-0.7717640407913863
-0.1341275924712027
-1.238163721378327
-0.9158485198860267
-0.7879286538366427
1.814414137915408
1.840861877175248
-0.7307336643355909
-0.7233144686071257
-0.8293442189355344
-0.7179572673768742
1.418727675324638
-0.1494126420119133
-0.05345731481507432
-0.7893065643270911
1.027961322074116
-0.9660939077589032
-0.7596056739224911
0.5806269463572571
-0.6484115709747282
0.3225863651129225
1.142523942954122
1.743283083140689
-0.7744223352756771
-0.7584636798667421
-0.6672610620804065
-0.5120963643090922
0.6549512799355601
1.082598898909598
-0.7599461509286473
1.565019984999363
-0.7587688099386539
1.952606943419838
2.086722590975894
-0.7892679059705399
-0.7225227754716523
-0.7529919861306412
1.047598466965237
1.260729214225848
1.269119026872835
1.296149512282556
1.439714355841009
-0.7096623623213663
0.4290295466617207
-0.6624289362930409
-0.228068256178946
-0.6165345042135868
-0.7717948257668724
-0.7918777516730555
-0.3559147920765491
-0.7179878697250469
1.440962987639863
-0.7956826523725404
-0.807487520236511
-0.8287385770188835
-0.7322845828525487
0.08219218943022077
-0.8863210084417423
-0.7528572624503869
1.796421101172264
-0.539365852526133
-0.8749058399971741
0.5593328518192704
-0.861028474773742
-0.7366533240122404
-0.7257266893575114
1.322706400092262
-0.8122865067462295
0.6030969105092343
-0.7516097122178602
0.1210196892142898
1.258970106975034
-0.7672829155183076
1.756493756915795
0.8958115611184438
-1.003067773918113
-0.7657969973879279
-0.9165968364418747
1.183946482123177
-0.7711671837247882
0.1729064598425858
1.24114895525672
-0.7470369700045532
1.428635146411422
-0.7440527410277388
0.5670934708716402
1.279720214055713
-0.6958650182791506
-0.7168157126357202
-0.6054914917305447
-0.7139512125118748
1.761228486911664
-0.774729585695468
1.211899913003494
-0.8043080205250681
1.06477563039821
-0.7894614562891517
0.3801448282249505
1.153712198621222
0.5049037289413613
-1.023352654223079
1.388083528849555
1.127353328326431
0.01528928494965787
-0.4694081023549949
1.353635515870431
-0.7929746744946088
-1.050764726932675
-1.085589783734646
1.287587445622821
-0.4664985700270868
-0.6091020242605404
-0.399809032238595
-0.7850103466900986
-0.7922368826292595
0.3373056788205206
-0.7891686521362551
1.297219765535757
1.668760282574797
0.08706121103104814
-0.7243581690606967
1.047394141933144
1.160165769399966
1.322282402791139
-0.7545453809589634
-0.7507491448774668
1.284439815587769
-0.6133276546866927
-0.7639166015200691
-0.7406490836801444
0.847849263410849
1.607294576150193
-0.7894796418449247
-0.5340857466413931
0.2430853499793513
-0.7819886512740797
-0.7597978065242712
-0.7719211107367545
-0.8005137314359576
-0.681736901370376
-0.7409609277818373
1.328077831758349
-0.7711110179707655
0.596537225450618
-0.7697813036651361
1.222894559670645
-0.7967475430964895
-0.7872967055146332
-0.6644284039346144
0.720927039819943
-0.9792675861959977
-0.3730600123582941
-0.74671049891582
0.2067593189683947
-0.7731791244161508
-0.745965174394089
1.076593746159439
1.479416670426434
-0.7065237974154908
-0.408468386110875
0.8083296069878381
-0.7685211586167738
-0.7393840105329208
-0.510868981290401
1.247566975976274
-0.7503667179498074
1.298071185518743
1.475472315422493
-0.670895869118331
-0.7575757209438756
-0.542837766844543
-0.7386000869366061
-0.7454162977281651
0.5408251282457208
1.537190051773276
1.134730070786786
1.415981967955556
-0.7851973813600498
-0.8027118936590149
-0.7195013298495694
-0.7731286384238766
1.647985659527155
1.144230810955994
1.49929065808498
1.87584851457614
-0.3163886382165925
1.687829457135297
1.271315590722242
-0.7578017138026234
1.297892248452825
1.296143529125745
0.1509743399834822
1.611114353013072
0.3896841618037329
-0.7403361852184422
-0.4204748130538405
-0.7700979084095603
-0.7090789641622625
-0.4583555889565997
-0.7735581863477746
-0.6949490791044197
-0.7858469840950705
-0.8615666361285672
1.190897448419991
1.245842120408106
0.8848623377397065
0.7863661857384754
1.203477138743233
-1.210740754750982
-0.7878422144053094
-0.7577189638048225
-0.5408327142707685
-0.7769916520793465
-0.802014980574966
1026
1
262153
3
dim
13
2
289
1
1026
1
262153
8
dimnames
19
2
16
289
262153
3
313
262153
3
380
262153
3
329
262153
3
382
262153
3
197
262153
2
72
262153
3
140
262153
3
218
262153
3
311
262153
3
421
262153
2
15
262153
2
65
262153
3
426
262153
1
1
262153
3
165
262153
3
194
262153
3
163
262153
3
168
262153
2
75
262153
3
395
262153
3
188
262153
3
135
262153
3
398
262153
3
291
262153
3
265
262153
3
160
262153
3
286
262153
3
222
262153
2
92
262153
3
430
262153
3
321
262153
1
3
262153
2
76
262153
3
274
262153
3
149
262153
3
145
262153
3
346
262153
3
359
262153
3
245
262153
2
53
262153
3
309
262153
3
169
262153
3
364
262153
3
303
262153
3
102
262153
3
125
262153
2
24
262153
2
17
262153
2
22
262153
3
241
262153
3
371
262153
3
317
262153
3
121
262153
2
82
262153
3
279
262153
3
190
262153
3
276
262153
2
31
262153
3
164
262153
2
89
262153
3
297
262153
2
97
262153
3
367
262153
3
281
262153
3
363
262153
2
81
262153
3
350
262153
2
55
262153
3
220
262153
3
412
262153
3
251
262153
3
184
262153
3
136
262153
3
122
262153
2
18
262153
3
223
262153
3
345
262153
3
234
262153
3
182
262153
2
54
262153
3
394
262153
3
356
262153
1
4
262153
1
7
262153
2
51
262153
3
107
262153
3
288
262153
3
175
262153
3
433
262153
2
21
262153
3
320
262153
3
278
262153
2
27
262153
3
205
262153
3
244
262153
3
347
262153
3
340
262153
3
253
262153
2
33
262153
3
134
262153
2
99
262153
3
206
262153
3
324
262153
3
341
262153
3
173
262153
3
374
262153
3
210
262153
3
283
262153
3
381
262153
2
70
262153
3
198
262153
3
124
262153
3
338
262153
3
361
262153
3
255
262153
3
289
262153
3
434
262153
3
187
262153
3
403
262153
3
390
262153
3
176
262153
3
162
262153
2
28
262153
3
213
262153
3
221
262153
3
248
262153
3
411
262153
2
58
262153
2
86
262153
3
237
262153
2
11
262153
3
204
262153
3
246
262153
3
200
262153
3
284
262153
3
262
262153
3
208
262153
3
372
262153
2
29
262153
3
239
262153
3
154
262153
3
391
262153
2
64
262153
3
370
262153
2
43
262153
3
343
262153
3
408
262153
3
143
262153
3
264
262153
3
349
262153
3
235
262153
3
159
262153
3
225
262153
3
334
262153
2
59
262153
3
219
262153
3
379
262153
3
120
262153
3
357
262153
3
166
262153
3
203
262153
3
418
262153
3
232
262153
3
310
262153
3
103
262153
3
133
262153
3
267
262153
2
47
262153
3
407
262153
3
105
262153
3
256
262153
2
50
262153
3
405
262153
3
369
262153
3
384
262153
3
195
262153
3
353
262153
3
305
262153
3
293
262153
3
212
262153
3
290
262153
3
104
262153
3
263
262153
2
66
262153
3
243
262153
3
401
262153
2
87
262153
3
272
262153
2
41
262153
2
39
262153
3
308
262153
3
216
262153
3
416
262153
3
242
262153
3
257
262153
1
2
262153
3
392
262153
3
319
262153
3
307
262153
3
108
262153
3
138
262153
3
298
262153
3
296
262153
3
119
262153
3
153
262153
3
314
262153
3
386
262153
2
16
262153
3
126
262153
3
147
262153
2
67
262153
3
156
262153
2
84
262153
3
236
262153
3
207
262153
2
95
262153
3
429
262153
3
117
262153
3
362
262153
2
37
262153
3
388
262153
2
23
262153
2
20
262153
3
113
262153
3
189
262153
3
400
262153
3
328
262153
2
91
262153
3
373
262153
3
123
262153
2
63
262153
3
217
262153
3
333
262153
3
141
262153
3
148
262153
3
270
262153
3
196
262153
3
181
262153
2
93
262153
3
385
262153
3
183
262153
3
419
262153
3
339
262153
3
150
262153
3
277
262153
3
128
262153
3
177
262153
3
100
262153
3
348
262153
3
282
262153
3
422
262153
3
229
262153
1
6
262153
2
48
262153
3
158
262153
3
152
262153
3
316
262153
3
336
262153
3
358
262153
3
266
262153
3
275
262153
3
287
262153
3
428
262153
3
157
262153
3
240
262153
3
424
262153
3
344
262153
3
269
262153
3
174
262153
3
115
262153
2
25
262153
2
52
262153
2
26
262153
3
161
262153
3
170
262153
3
186
262153
2
88
262153
1
5
262153
3
415
262153
3
335
262153
3
417
262153
3
404
262153
3
393
262153
3
178
262153
2
42
262153
2
62
262153
2
10
262153
3
118
262153
2
74
254
254
526
289
0.5714682954011311
0.432880483267585
-0.2574054500474017
-0.04190320703962047
0.036181180268404
0.1420684934023676
0.04737605901054931
-0.2169073212740332
0.4728725402215653
0.2096025800009291
0.005794249453013878
0.04441959889652414
-0.0568317510037406
0.3408617803003878
0.01762871540550925
-0.1546165953143311
-0.312503106473611
0.1143437181103918
-0.1784705286372683
0.01823619298840029
-0.7147573387046615
0.01175661710451414
0.642106113493057
0.1279560921576482
0.2242736134153236
0.3821317318727002
-0.1304285529040263
0.0735874654758859
0.08131645326791459
0.2522246116713576
-0.2947960077619933
0.3111516804975442
0.06981859082669373
-0.07003867426015148
-0.2692295450240045
0.08207346829078399
0.6456605352567559
0.04073590489043033
-0.4809458816465522
-0.03681759163513021
0.4578125827250755
0.1904886914621903
0.4196342698427058
0.6117412453026163
-0.3386938543617561
0.6962435817320347
-0.0571609507721268
-0.09779958342453399
0.02372135411317045
-0.08670028874715752
-0.1392928071648639
0.4094103921865584
0.0441313072577324
0.0794056845644836
-0.3219628027094695
0.4603646302030554
-0.405597860918953
0.03222264054311907
-0.01389977702812673
-0.1988736774857586
0.09448338596054517
-0.1765550897064557
0.3702281978093691
0.2304016982876809
0.4785681388500884
0.01796791570176215
0.2513689538000625
0.1021411779515901
0.3908865968245868
0.2707108130703616
-0.1307691266957889
0.1052915288105092
0.1368092263371742
-0.07830937984251496
0.008486958745005269
-0.2903764036133624
-0.2069340627529181
0.2109141861274793
0.220062621597241
-0.0183451234394959
-0.3237030625597082
-0.2280326197808946
0.08728412977765765
0.09731038862614372
-0.09323258885360852
0.004725914511138907
0.03127733935150845
0.4305722000323657
0.7067865704771413
0.08770551451265562
0.0789497525886671
0.3459049793035712
0.01148341190285485
0.04944170320220864
-0.2334591761348639
-0.5124540806701378
-0.4252280205099029
-0.01415079523333063
-0.1307090179365162
-0.07688585503764755
-0.2320551396061369
0.0198407694180644
0.3414719157398703
-0.4641605524014318
-0.02888217177054164
0.152481999856694
-0.134732240222238
-0.2060292009355305
-0.09009333288862598
0.06440625005350309
0.07907324091371903
0.09209699699575824
-0.2139995140080136
-0.9446787470514946
0.3495253820471687
0.008476714252335205
0.1556694469763928
0.4383825254050475
-0.3223245344107749
0.03060970478640901
0.2359156924938386
0.01960618186085594
0.04693316984983564
0.07864639880732027
-0.1247104997631773
-0.1638828773845452
-0.07237009432281982
0.3615785727380148
-0.1209044390782835
0.03409510279404482
0.05394413914071439
0.2047825201158816
-0.3560891332581628
0.121038030943755
0.1187960355559003
-0.3425048945834591
-0.1290830891510724
-0.4293672334657234
0.1303516673310554
0.07575833487735739
0.02412563954307589
0.1214834630582351
-0.06376908883771271
0.4572929519483482
-0.1302610348917319
-0.3225177078228065
0.1503288470215622
-0.01573025565523134
0.1761688343893213
0.1413176952365376
-0.1172241857431378
0.01767473536829167
0.2324412412043906
-0.2049687410246975
0.121902497641205
0.1780349164856687
0.3309742414580816
-0.001085292015083117
-0.2984634656460372
-0.0331452786201486
-0.1347399731842823
-0.3530788366880859
-0.2499723956125937
0.09081163265473824
-0.3984974374177017
-0.2086255952772682
0.008609861675244801
-0.2118138888758287
0.4648960111730118
-0.06593242353322415
-0.236991828966636
0.09367555800036598
0.4592692762579229
0.005535239772413769
-0.2411896254978602
0.09496069490828429
-0.3567694240202239
0.1191213829519577
-0.4203176069559323
-0.2496384020363903
0.07892404422876642
-0.1819384970253866
0.2793818588104374
0.09323115763769974
-0.4598036441912474
-0.3223297526721021
-0.2204323591181994
0.4367322261817387
-0.02126343058603997
0.04411462060962323
0.4032508497262997
0.1457191175783218
0.1120791884608392
-0.1896795102703988
-0.003616804882703606
0.03438742229756264
0.06533208425529091
0.5282604578278394
-0.1165137521923008
-0.01102233563762423
0.09566930726823375
-0.008889346681129062
-0.03593703139689053
0.0274246425517326
0.0157874277631076
0.2706921143032359
-0.0642471370636426
-0.04586989305946498
0.3732937887124289
-0.0433379133180023
-0.04754573210466007
0.06401190823548553
-0.06342842416763517
-0.05809640957103324
-0.2989914216752692
-0.07694315254560269
0.09285142528954693
0.1102160288358826
-0.664286758969179
-0.112089443444456
-0.3660350006108198
0.01373437192295057
0.07406535264889791
-0.3337453736879821
-0.03270687500397496
0.149733202817258
0.5960680551222444
-0.05956327836031861
-0.4373330952051626
-0.1261370772703926
-0.1940570879720053
-0.1266917626892106
-0.1340843832119907
-0.02415301002719583
-0.2000902392931572
0.6823814683678613
-0.07264352781326733
-0.05525946369191792
-0.2430684322548868
0.4466744027771836
0.08365657728927289
0.01818534406744998
-0.7349157868756724
-0.3156476054529658
0.06178982265508992
-0.2169147982263947
-0.2770191452629418
-0.299278692099634
0.01946170300594297
0.005857387313273676
0.3094597923637115
0.02239274366929123
0.292941786469022
-0.1256800656557797
-0.005360326067467391
0.06571243708379115
-0.3956957967231165
-0.2582954942679183
-0.06673109798578269
-0.018782893104478
-0.4724396844825964
0.1924967704389671
0.1089076056461034
0.07364611856513925
0.3207521604671781
-0.1834173029373096
-0.6548602379258098
-0.02736085324696957
-0.06200339157807805
-0.2113163801989518
-0.4788413886327028
-0.100142535648732
-0.009967540229122718
0.117293933732479
0.1010328941615902
0.1503571204825412
-0.3169995209892308
0.05529285885242863
-0.002574252398104493
-0.1680068033735742
0.01851843352531912
0.279838828244757
0.08370363321470853
0.1660457649231832
-0.05332247202473173
-0.2462699653434239
-0.2421804569027705
0.1160966629444635
-0.1263769787398286
1026
4863
13
2
289
1
1026
5119
19
2
16
289
262153
3
313
262153
3
380
262153
3
329
262153
3
382
262153
3
197
262153
2
72
262153
3
140
262153
3
218
262153
3
311
262153
3
421
262153
2
15
262153
2
65
262153
3
426
262153
1
1
262153
3
165
262153
3
194
262153
3
163
262153
3
168
262153
2
75
262153
3
395
262153
3
188
262153
3
135
262153
3
398
262153
3
291
262153
3
265
262153
3
160
262153
3
286
262153
3
222
262153
2
92
262153
3
430
262153
3
321
262153
1
3
262153
2
76
262153
3
274
262153
3
149
262153
3
145
262153
3
346
262153
3
359
262153
3
245
262153
2
53
262153
3
309
262153
3
169
262153
3
364
262153
3
303
262153
3
102
262153
3
125
262153
2
24
262153
2
17
262153
2
22
262153
3
241
262153
3
371
262153
3
317
262153
3
121
262153
2
82
262153
3
279
262153
3
190
262153
3
276
262153
2
31
262153
3
164
262153
2
89
262153
3
297
262153
2
97
262153
3
367
262153
3
281
262153
3
363
262153
2
81
262153
3
350
262153
2
55
262153
3
220
262153
3
412
262153
3
251
262153
3
184
262153
3
136
262153
3
122
262153
2
18
262153
3
223
262153
3
345
262153
3
234
262153
3
182
262153
2
54
262153
3
394
262153
3
356
262153
1
4
262153
1
7
262153
2
51
262153
3
107
262153
3
288
262153
3
175
262153
3
433
262153
2
21
262153
3
320
262153
3
278
262153
2
27
262153
3
205
262153
3
244
262153
3
347
262153
3
340
262153
3
253
262153
2
33
262153
3
134
262153
2
99
262153
3
206
262153
3
324
262153
3
341
262153
3
173
262153
3
374
262153
3
210
262153
3
283
262153
3
381
262153
2
70
262153
3
198
262153
3
124
262153
3
338
262153
3
361
262153
3
255
262153
3
289
262153
3
434
262153
3
187
262153
3
403
262153
3
390
262153
3
176
262153
3
162
262153
2
28
262153
3
213
262153
3
221
262153
3
248
262153
3
411
262153
2
58
262153
2
86
262153
3
237
262153
2
11
262153
3
204
262153
3
246
262153
3
200
262153
3
284
262153
3
262
262153
3
208
262153
3
372
262153
2
29
262153
3
239
262153
3
154
262153
3
391
262153
2
64
262153
3
370
262153
2
43
262153
3
343
262153
3
408
262153
3
143
262153
3
264
262153
3
349
262153
3
235
262153
3
159
262153
3
225
262153
3
334
262153
2
59
262153
3
219
262153
3
379
262153
3
120
262153
3
357
262153
3
166
262153
3
203
262153
3
418
262153
3
232
262153
3
310
262153
3
103
262153
3
133
262153
3
267
262153
2
47
262153
3
407
262153
3
105
262153
3
256
262153
2
50
262153
3
405
262153
3
369
262153
3
384
262153
3
195
262153
3
353
262153
3
305
262153
3
293
262153
3
212
262153
3
290
262153
3
104
262153
3
263
262153
2
66
262153
3
243
262153
3
401
262153
2
87
262153
3
272
262153
2
41
262153
2
39
262153
3
308
262153
3
216
262153
3
416
262153
3
242
262153
3
257
262153
1
2
262153
3
392
262153
3
319
262153
3
307
262153
3
108
262153
3
138
262153
3
298
262153
3
296
262153
3
119
262153
3
153
262153
3
314
262153
3
386
262153
2
16
262153
3
126
262153
3
147
262153
2
67
262153
3
156
262153
2
84
262153
3
236
262153
3
207
262153
2
95
262153
3
429
262153
3
117
262153
3
362
262153
2
37
262153
3
388
262153
2
23
262153
2
20
262153
3
113
262153
3
189
262153
3
400
262153
3
328
262153
2
91
262153
3
373
262153
3
123
262153
2
63
262153
3
217
262153
3
333
262153
3
141
262153
3
148
262153
3
270
262153
3
196
262153
3
181
262153
2
93
262153
3
385
262153
3
183
262153
3
419
262153
3
339
262153
3
150
262153
3
277
262153
3
128
262153
3
177
262153
3
100
262153
3
348
262153
3
282
262153
3
422
262153
3
229
262153
1
6
262153
2
48
262153
3
158
262153
3
152
262153
3
316
262153
3
336
262153
3
358
262153
3
266
262153
3
275
262153
3
287
262153
3
428
262153
3
157
262153
3
240
262153
3
424
262153
3
344
262153
3
269
262153
3
174
262153
3
115
262153
2
25
262153
2
52
262153
2
26
262153
3
161
262153
3
170
262153
3
186
262153
2
88
262153
1
5
262153
3
415
262153
3
335
262153
3
417
262153
3
404
262153
3
393
262153
3
178
262153
2
42
262153
2
62
262153
2
10
262153
3
118
262153
2
74
254
254
6
1
262153
12
nnet.formula
1026
767
1
262153
1
x
1026
1
262153
4
data
5887
5122
1
262153
4
size
6143
5122
1
262153
5
trace
10
1
0
5122
1
262153
4
skip
6655
5122
1
262153
6
linout
1
262153
6
LINOUT
254
774
1026
1
262153
9
variables
6
1
262153
4
list
2
1791
2
1
262153
5
band1
2
1
262153
5
band2
2
1
262153
5
band3
2
1
262153
5
band4
2
1
262153
5
band5
2
1
262153
5
band6
2
1
262153
5
band7
254
1026
1
262153
7
factors
525
56
0
1
0
0
0
0
0
0
0
0
1
0
0
0
0
0
0
0
0
1
0
0
0
0
0
0
0
0
1
0
0
0
0
0
0
0
0
1
0
0
0
0
0
0
0
0
1
0
0
0
0
0
0
0
0
1
1026
4863
13
2
8
7
1026
5119
19
2
16
8
262153
5
value
262153
5
band1
262153
5
band2
262153
5
band3
262153
5
band4
262153
5
band5
262153
5
band6
262153
5
band7
16
7
262153
5
band1
262153
5
band2
262153
5
band3
262153
5
band4
262153
5
band5
262153
5
band6
262153
5
band7
254
1026
1
262153
11
term.labels
16
7
262153
5
band1
262153
5
band2
262153
5
band3
262153
5
band4
262153
5
band5
262153
5
band6
262153
5
band7
1026
1
262153
5
order
13
7
1
1
1
1
1
1
1
1026
1
262153
9
intercept
13
1
1
1026
1
262153
8
response
13
1
1
1026
1023
16
2
262153
5
terms
262153
7
formula
1026
1279
253
1026
1
262153
8
predvars
6
7679
2
1791
2
7935
2
8191
2
8447
2
8703
2
8959
2
9215
2
9471
254
1026
1
262153
11
dataClasses
528
8
262153
7
numeric
262153
7
numeric
262153
7
numeric
262153
7
numeric
262153
7
numeric
262153
7
numeric
262153
7
numeric
262153
7
numeric
1026
3071
16
8
262153
5
value
262153
5
band1
262153
5
band2
262153
5
band3
262153
5
band4
262153
5
band5
262153
5
band6
262153
5
band7
254
254
1535
2
1791
2
6
1
262153
1
+
2
6
11519
2
6
11519
2
6
11519
2
6
11519
2
6
11519
2
7935
2
8191
254
2
8447
254
2
8703
254
2
8959
254
2
9215
254
2
9471
254
254
16
7
262153
5
band1
262153
5
band2
262153
5
band3
262153
5
band4
262153
5
band5
262153
5
band6
262153
5
band7
531
0
1026
3071
16
0
254
1026
3071
16
18
262153
1
n
262153
6
nunits
262153
5
nconn
262153
4
conn
262153
7
nsunits
262153
5
decay
262153
7
entropy
262153
7
softmax
262153
8
censored
262153
5
value
262153
3
wts
262153
11
convergence
262153
13
fitted.values
262153
9
residuals
262153
4
call
262153
5
terms
262153
9
coefnames
262153
7
xlevels
1026
1023
16
2
262153
12
nnet.formula
262153
4
nnet
254
787
18
14
3
7
4
1
13
1
13
14
14
0
0
0
0
0
0
0
0
0
8
16
24
32
37
14
37
0
1
2
3
4
5
6
7
0
1
2
3
4
5
6
7
0
1
2
3
4
5
6
7
0
1
2
3
4
5
6
7
0
8
9
10
11
14
1
12
14
1
0
10
1
0
10
1
0
10
1
0
14
1
18.56542316695258
14
37
1.767013056084941
0.4361308807263284
6.261836632560646
-3.808967552645833
-2.479366013433615
0.4907469826355675
-0.4886905975804162
2.086330764939123
-3.149354011352914
4.099783809915168
7.199568652994905
-1.009612353006449
3.266101244932702
-12.76656994923906
10.81546355779878
6.444812600206664
-1.700751579195784
-3.491663210760049
2.602042500049767
-0.7433746395677208
-0.124948339372375
-3.574277971689282
0.3095608403946769
3.89928664248848
-9.63223694025322
0.217890152666289
3.141603733238347
-12.48228239125392
3.127246222589796
-9.40525923291951
1.93642337985945
11.95459670312493
-0.09606133868727547
-1.088546713704723
0.3682118676417651
2.254727004236023
-1.273284259052436
13
1
1
526
289
0.2449600282341676
1.135889677151722
0.1542845137513054
-0.8397900529083877
-0.7644804345189908
-0.7710005924953062
-0.7720930845958224
0.7537730867687688
-0.6459918977332452
1.232922139955944
-0.8082866457974088
-0.6969056567089895
1.456387215207938
-0.6675517054463717
-0.8056251215545631
-0.7645461119834539
-0.6615388638112092
-0.7503924588073452
-0.7972130749621975
1.717959773290516
1.674186744101564
-0.7587668567554245
1.266168715799083
1.20151166618236
1.894992665112726
-0.5503869994132782
1.953640270003558
-0.7813872693975726
-0.760690641019818
1.394705059882848
1.168180628720518
-0.5388214329236878
-0.7732397376933401
-0.5122321585286894
-0.4912246818843129
-0.8086729535555908
0.03911447577953286
1.157465537928764
-0.7538718469561543
-0.7520559229638976
-0.6383673336860762
-0.7624448278812612
1.804029885326942
1.459033227544861
-0.8624053273522505
-0.3040394770517621
-0.8030546205869169
-0.8005842151278421
-0.7934866867060857
1.506820030749037
-0.5685792953129117
1.791619968091822
-0.7684434287656163
-0.8008494680789525
-0.8558987665486844
0.2670125182565484
-0.8866359711816334
-0.7962373740959841
-0.7915088522593472
-1.06977526720081
-0.5977377367669198
-0.7811660415747953
1.158801810758204
1.495888361787656
1.312122986701784
-0.7919691764258728
0.4120757630646985
-0.803951988674553
-0.6237369328556259
0.5460669201411381
-0.6626816848008168
-0.7937582520146
-0.726469318367381
-0.7435389799838307
-0.7819091015245148
-0.9167529983335139
-0.08629400138363508
-1.213431023106849
-0.7668364095562736
-0.7850898674271449
1.890837278831226
1.479089817261413
-0.7763200186648351
-0.742236775192445
-0.8370897038694266
-0.7282017302591884
1.514619146916554
-0.1808572014743311
-0.212552010187224
-0.8037047792001697
1.222964600338379
-0.705454899856415
-0.7644399900840179
0.5525235198358697
-0.6219355001020723
0.4595698079209852
0.7496476272330344
1.835671407338527
-0.7844342274182867
-0.9949174582464425
-0.9846495448686222
-0.7433109490069486
0.7521015980748087
0.8312173201997234
-0.7715707303143515
1.932205470853251
-0.8157553491388012
1.828092667308912
1.548045343088797
-0.7956301643600867
-0.7704183288680698
-0.563716849613264
1.250582430838646
1.153555248743374
1.573642683409929
1.108118397939192
1.38239844664043
-0.5211886692802848
0.3655128059626259
-0.7229639570625738
-0.2185512893809814
-0.7920902573351982
-0.7671011440660656
-0.8154794000855949
-0.442509587016262
-0.9539248749334026
1.494217157048719
-0.7835069482077841
-0.7936214764277725
-0.8896906781154876
-0.6637186113788066
0.466501167962951
-0.7862862158399299
-0.7401771444853753
1.526913887298849
-0.8066943375147523
-0.7183722596964208
0.6962571637588549
-0.7922980674174405
-0.6574687008883816
-0.6900749344213239
1.448514539006946
-0.7932226447061904
0.2989064422216661
-0.6632589862182695
0.6014910317957916
1.03152305396621
-0.7320110193410876
1.690033890498073
0.8251419350506332
-0.9724562980761972
-0.7818600624580098
-0.708327589354022
1.046956610002843
-0.7778646232758655
0.2560831836275448
1.253971667457491
-0.7715968829363389
1.257618845188756
-0.7587883139096524
0.3495394604472741
0.9424400673837448
-0.5747780290377498
-0.6205463234412014
-0.8788148122699663
-1.046945203139552
1.479307493657643
-0.7688570628736391
1.105395577715347
-0.9577444826902585
0.9840231501017684
-0.7840288046793102
0.9573515297398213
1.183508343109513
0.8006666505401192
-0.7527184866540803
1.197359917535376
1.148547849656636
0.04224790170480349
-0.6010887180950281
1.426349927111892
-0.9916423511909747
-0.8995894939576088
-0.8862261604987022
1.092777470699905
-0.5804483418392037
-0.64833309879389
-0.1445579831899286
-0.7987825502396442
-0.7934630602840259
0.4897122845499731
-0.6958068899485579
1.338351947561649
1.651314874091023
0.2387284103089159
-0.70673260962118
1.199738608783989
1.451415578735177
1.917633990369586
-0.7692433888626411
-0.7542621129673072
1.299610906571231
-0.77275291890146
-0.7731836044158866
-0.7367875945203634
1.112274578448739
1.616193406584685
-0.8029590435597377
-0.7094532406888457
0.3712516627306547
-0.7664891985069906
-0.7679669327984193
-0.7617749794907833
-0.7029536976585347
-0.6403300210462773
-0.7628313040050402
1.393088696522803
-0.7129779268508647
0.5956736145671566
-0.7748537903562941
1.110668257452293
-0.8080424318611312
-0.8024327128550738
-0.6883767234709013
0.789196018089713
-0.8291691733474427
-0.09869625633656773
-0.7354472657579174
0.3682770347532712
-0.7504556050056439
-0.6920878959494356
1.338450456091768
1.376107356679416
-0.7386808907863008
-0.4691302304847474
0.7570736375711655
-0.544513677046547
-0.8391316412728194
-0.0528936507270793
1.234424400896588
-0.7638656294300475
1.310019518750261
1.179773466218256
-0.8262184955296398
-0.6646089678147731
-0.7128732293538618
-0.975271474895237
-0.9547208175199423
0.4851032744419828
1.585298591773992
1.116138923755942
1.738655757437142
-0.7727279328702825
-0.8100502681785621
-0.728322076724969
-0.7558723864535849
1.327729476323334
0.9314703258107975
1.327632324523823
1.767533667699421
-0.2588652675545471
1.620248546459073
1.449416582019357
-0.7321597259302064
1.830073986710194
1.266467635916166
0.03836419200804841
1.472423534520181
0.6082162580426054
-0.9234387493583145
-0.4754906438682175
-0.7803854097095975
-0.734047437509507
-0.7624335783693372
-0.7765025133332468
-0.6509519465994748
-1.042775018965129
-0.8658996047988674
0.6593238342404808
0.9777172741152502
1.14633286576294
1.089833707248533
1.174949524010974
-1.112893489727748
-0.7932561473765432
-0.7522658604670081
-0.500030797162668
-0.7806952421690878
-0.7949768064927021
1026
4863
13
2
289
1
1026
5119
19
2
16
289
262153
3
313
262153
3
380
262153
3
329
262153
3
382
262153
3
197
262153
2
72
262153
3
140
262153
3
218
262153
3
311
262153
3
421
262153
2
15
262153
2
65
262153
3
426
262153
1
1
262153
3
165
262153
3
194
262153
3
163
262153
3
168
262153
2
75
262153
3
395
262153
3
188
262153
3
135
262153
3
398
262153
3
291
262153
3
265
262153
3
160
262153
3
286
262153
3
222
262153
2
92
262153
3
430
262153
3
321
262153
1
3
262153
2
76
262153
3
274
262153
3
149
262153
3
145
262153
3
346
262153
3
359
262153
3
245
262153
2
53
262153
3
309
262153
3
169
262153
3
364
262153
3
303
262153
3
102
262153
3
125
262153
2
24
262153
2
17
262153
2
22
262153
3
241
262153
3
371
262153
3
317
262153
3
121
262153
2
82
262153
3
279
262153
3
190
262153
3
276
262153
2
31
262153
3
164
262153
2
89
262153
3
297
262153
2
97
262153
3
367
262153
3
281
262153
3
363
262153
2
81
262153
3
350
262153
2
55
262153
3
220
262153
3
412
262153
3
251
262153
3
184
262153
3
136
262153
3
122
262153
2
18
262153
3
223
262153
3
345
262153
3
234
262153
3
182
262153
2
54
262153
3
394
262153
3
356
262153
1
4
262153
1
7
262153
2
51
262153
3
107
262153
3
288
262153
3
175
262153
3
433
262153
2
21
262153
3
320
262153
3
278
262153
2
27
262153
3
205
262153
3
244
262153
3
347
262153
3
340
262153
3
253
262153
2
33
262153
3
134
262153
2
99
262153
3
206
262153
3
324
262153
3
341
262153
3
173
262153
3
374
262153
3
210
262153
3
283
262153
3
381
262153
2
70
262153
3
198
262153
3
124
262153
3
338
262153
3
361
262153
3
255
262153
3
289
262153
3
434
262153
3
187
262153
3
403
262153
3
390
262153
3
176
262153
3
162
262153
2
28
262153
3
213
262153
3
221
262153
3
248
262153
3
411
262153
2
58
262153
2
86
262153
3
237
262153
2
11
262153
3
204
262153
3
246
262153
3
200
262153
3
284
262153
3
262
262153
3
208
262153
3
372
262153
2
29
262153
3
239
262153
3
154
262153
3
391
262153
2
64
262153
3
370
262153
2
43
262153
3
343
262153
3
408
262153
3
143
262153
3
264
262153
3
349
262153
3
235
262153
3
159
262153
3
225
262153
3
334
262153
2
59
262153
3
219
262153
3
379
262153
3
120
262153
3
357
262153
3
166
262153
3
203
262153
3
418
262153
3
232
262153
3
310
262153
3
103
262153
3
133
262153
3
267
262153
2
47
262153
3
407
262153
3
105
262153
3
256
262153
2
50
262153
3
405
262153
3
369
262153
3
384
262153
3
195
262153
3
353
262153
3
305
262153
3
293
262153
3
212
262153
3
290
262153
3
104
262153
3
263
262153
2
66
262153
3
243
262153
3
401
262153
2
87
262153
3
272
262153
2
41
262153
2
39
262153
3
308
262153
3
216
262153
3
416
262153
3
242
262153
3
257
262153
1
2
262153
3
392
262153
3
319
262153
3
307
262153
3
108
262153
3
138
262153
3
298
262153
3
296
262153
3
119
262153
3
153
262153
3
314
262153
3
386
262153
2
16
262153
3
126
262153
3
147
262153
2
67
262153
3
156
262153
2
84
262153
3
236
262153
3
207
262153
2
95
262153
3
429
262153
3
117
262153
3
362
262153
2
37
262153
3
388
262153
2
23
262153
2
20
262153
3
113
262153
3
189
262153
3
400
262153
3
328
262153
2
91
262153
3
373
262153
3
123
262153
2
63
262153
3
217
262153
3
333
262153
3
141
262153
3
148
262153
3
270
262153
3
196
262153
3
181
262153
2
93
262153
3
385
262153
3
183
262153
3
419
262153
3
339
262153
3
150
262153
3
277
262153
3
128
262153
3
177
262153
3
100
262153
3
348
262153
3
282
262153
3
422
262153
3
229
262153
1
6
262153
2
48
262153
3
158
262153
3
152
262153
3
316
262153
3
336
262153
3
358
262153
3
266
262153
3
275
262153
3
287
262153
3
428
262153
3
157
262153
3
240
262153
3
424
262153
3
344
262153
3
269
262153
3
174
262153
3
115
262153
2
25
262153
2
52
262153
2
26
262153
3
161
262153
3
170
262153
3
186
262153
2
88
262153
1
5
262153
3
415
262153
3
335
262153
3
417
262153
3
404
262153
3
393
262153
3
178
262153
2
42
262153
2
62
262153
2
10
262153
3
118
262153
2
74
254
254
526
289
0.5304874094665537
0.5583517016017348
0.2082871656282505
-0.152568573188559
0.03961877860195406
0.1275510579373729
0.06467688325573695
-0.123704437209303
0.3863423638682262
0.06007378352764792
0.01364317157257011
-0.01632569615674573
-0.1052397764678439
0.2741536864913986
0.05750285953492684
-0.1464003927543893
-0.1679955195675306
0.04879140899290968
-0.1602546419808482
0.1158452420785454
-0.5789059724900805
0.02227489778708802
0.590896905672579
-0.1760127128786781
-0.09026340737191574
0.3605192838560629
0.1767374731736662
0.2193498561987428
0.05908959120538249
0.1948635914089041
-0.3578422818658955
0.1279779593917634
0.07745383940455441
0.002531109060711856
-0.3150490953918257
0.08962644916420559
0.3060117490230717
0.3448758404782355
-0.5059837493207022
-0.1007390665174435
0.2973056784619555
0.08410438416942689
0.1693387666577246
0.4910748183372045
-0.1939199655268482
0.399114186251408
-0.05555552042007394
-0.08128653198175007
0.04536442468644941
-0.05681501607289019
-0.2202490273862772
0.03636989575158922
-0.03783034851052225
0.08761811521321727
-0.04923258666350894
0.2700137068925141
0.02221067864899262
0.007409051396795152
-0.01476492501679139
0.07741664110386359
-0.005005737111461017
-0.1646713723169489
0.4540274466361494
0.2797651383249025
0.4867911195133763
0.02640145982928521
0.3924474322642739
0.0267539690266656
0.555987399337065
0.3398683965469378
-0.1377769409496719
0.1212329598284156
0.03649857160424697
-0.08599540339490908
0.01634138492792714
-0.1453874460712348
-0.2547676538404857
0.1861814878560015
0.07105051126748796
-0.02118390984899365
-0.4001262034755262
0.1337394401329406
0.1328704841069018
0.1162326952114631
-0.08548710391971637
0.01497037739345319
-0.06461413224040768
0.4620167594947835
0.865881265849291
0.1021037293857342
-0.1160535256755952
0.08526597140108294
0.01631772806438159
0.07754512972359606
-0.2599352470075198
-0.6494375234782005
-0.03235170478881522
-0.1065391194311684
-0.1206971257939066
0.1595679233420528
0.08533334318207886
0.2510553541159208
0.2443215976006218
-0.2127789736915574
-0.01725759238483737
-0.2147034859971948
-0.07774570102209066
-0.08151492482460365
0.4485839149984712
0.07076850844304994
0.1269687943101365
-0.09717813952161902
-0.4169834778814222
-0.8375047815690202
0.04500172551007453
0.1965078285956998
0.2129853561769728
0.2499088323639661
-0.2588077937116801
0.09114472555594189
0.226398725695874
0.1951619349824674
0.04223948814902878
0.1022480472198597
-0.03811570482346438
0.07205412782381049
-0.1256242637316756
0.3494028685732585
-0.1347704828870221
0.09504720389064891
-0.01462183233302772
-0.1795264584168487
-0.4561239258599753
0.1083579129787434
0.3883032494293155
-0.07517640959483984
-0.2856166694518256
-0.5662915454053079
0.06162125997475387
-0.003426288246501374
-0.01152611539311155
-0.004324675856448801
-0.08283295087775178
0.7614834202359164
-0.2186117608913226
-0.8029890504043082
0.3777759000303862
-0.05100215183245138
0.2426287008070434
0.2119873213043483
-0.1478356615850537
0.03373780043837349
0.02417199411653781
-0.06797886890436378
0.1285999371922822
0.09485819270070966
0.3181515292573101
0.0234746209167026
-0.1274471644233715
-0.01840970573823497
0.08281403724008374
-0.015798690016118
-0.3710593848539945
-0.005457756539780534
-0.1251741168782802
0.1243683953504087
0.2905308549292662
-0.2176864116976577
0.5714003464611586
0.08750403863196621
-0.1562393486701947
0.08824290639052457
-0.1179374252569478
-0.02426090471587772
-0.5369525470966181
-0.1756734726607143
-0.1660458127060447
0.09792686162175279
-0.4472762237110779
-0.1179577862963571
0.006209632987305591
0.01672917967097931
0.1282066258353712
-0.1061324655982445
-0.2649936692683315
-0.2083799808599852
-0.1812012845848497
0.1814811771330724
-0.007491227036494408
0.04534079826438964
0.2508442439968472
0.05235735539062458
0.07094700643494645
-0.1722341017866247
-0.1552840041605713
0.01676186285804593
-0.08701238259555355
0.2370106484926287
-0.7118653397707482
0.003675672266053476
0.09918227535807411
-0.02406043766459076
0.1234882328178768
0.0366916454475501
0.01192593860332658
0.00626679926534579
-0.0731459674981354
-0.03239049134465199
0.5486612827598816
-0.1715042260693058
-0.06304518487174915
0.07218103450963365
-0.07357455541360636
-0.1556564433484562
-0.3403983019993678
-0.05507277632239982
0.02784056052509243
0.05208293771598171
-0.6634231480857176
-0.107016956753298
-0.2538086983924678
0.02502926068759226
0.08920135998933854
-0.3097970541516952
-0.1009758532737449
-0.0003652100312970807
0.3217042991005179
-0.07082651151822117
-0.598850810990039
-0.1488605966808995
-0.2479343664166587
-0.3885484726215405
-0.03077506946497222
0.008004083343614243
-0.1394283949192848
0.7336374377845338
-0.2966510093834942
0.04448816704798064
-0.7010437628182086
0.459816977856869
0.09715548876951308
0.006237010835931756
-0.4392169376714361
-0.160324979041657
-0.0311769304740126
-0.04687933571707592
-0.04034775730431084
-0.08997417230785676
0.07518355680968103
-0.04225115268744162
0.3280509393945545
-0.3002810458122944
0.2804723379792547
-0.1183416911362325
0.003460420807932185
0.04845618511349947
-0.07543961351929496
-0.04553500912272157
0.1049272355753743
0.08953195377224099
-0.5299630551446417
0.2600776811151901
-0.06919338565101252
0.04800413069272225
-0.21142957779019
-0.153741409727731
-0.542250089950376
0.1113299652459219
-0.2805354878169505
-0.02821381605907958
-0.4238255578183258
-0.0898550343486948
0.01500093311812178
0.4213719231452165
0.1039772211470624
0.1063599879775963
-0.06007148611917268
0.05962582752272882
0.5289993617814059
0.1001180429192821
-0.2429520944979146
-0.0236286932653007
0.1122312479469671
0.06819849989994942
-0.04790853905349801
-0.2517230686812384
-0.282982374010871
0.1198002530342048
-0.1334151528220925
1026
4863
13
2
289
1
1026
5119
19
2
16
289
262153
3
313
262153
3
380
262153
3
329
262153
3
382
262153
3
197
262153
2
72
262153
3
140
262153
3
218
262153
3
311
262153
3
421
262153
2
15
262153
2
65
262153
3
426
262153
1
1
262153
3
165
262153
3
194
262153
3
163
262153
3
168
262153
2
75
262153
3
395
262153
3
188
262153
3
135
262153
3
398
262153
3
291
262153
3
265
262153
3
160
262153
3
286
262153
3
222
262153
2
92
262153
3
430
262153
3
321
262153
1
3
262153
2
76
262153
3
274
262153
3
149
262153
3
145
262153
3
346
262153
3
359
262153
3
245
262153
2
53
262153
3
309
262153
3
169
262153
3
364
262153
3
303
262153
3
102
262153
3
125
262153
2
24
262153
2
17
262153
2
22
262153
3
241
262153
3
371
262153
3
317
262153
3
121
262153
2
82
262153
3
279
262153
3
190
262153
3
276
262153
2
31
262153
3
164
262153
2
89
262153
3
297
262153
2
97
262153
3
367
262153
3
281
262153
3
363
262153
2
81
262153
3
350
262153
2
55
262153
3
220
262153
3
412
262153
3
251
262153
3
184
262153
3
136
262153
3
122
262153
2
18
262153
3
223
262153
3
345
262153
3
234
262153
3
182
262153
2
54
262153
3
394
262153
3
356
262153
1
4
262153
1
7
262153
2
51
262153
3
107
262153
3
288
262153
3
175
262153
3
433
262153
2
21
262153
3
320
262153
3
278
262153
2
27
262153
3
205
262153
3
244
262153
3
347
262153
3
340
262153
3
253
262153
2
33
262153
3
134
262153
2
99
262153
3
206
262153
3
324
262153
3
341
262153
3
173
262153
3
374
262153
3
210
262153
3
283
262153
3
381
262153
2
70
262153
3
198
262153
3
124
262153
3
338
262153
3
361
262153
3
255
262153
3
289
262153
3
434
262153
3
187
262153
3
403
262153
3
390
262153
3
176
262153
3
162
262153
2
28
262153
3
213
262153
3
221
262153
3
248
262153
3
411
262153
2
58
262153
2
86
262153
3
237
262153
2
11
262153
3
204
262153
3
246
262153
3
200
262153
3
284
262153
3
262
262153
3
208
262153
3
372
262153
2
29
262153
3
239
262153
3
154
262153
3
391
262153
2
64
262153
3
370
262153
2
43
262153
3
343
262153
3
408
262153
3
143
262153
3
264
262153
3
349
262153
3
235
262153
3
159
262153
3
225
262153
3
334
262153
2
59
262153
3
219
262153
3
379
262153
3
120
262153
3
357
262153
3
166
262153
3
203
262153
3
418
262153
3
232
262153
3
310
262153
3
103
262153
3
133
262153
3
267
262153
2
47
262153
3
407
262153
3
105
262153
3
256
262153
2
50
262153
3
405
262153
3
369
262153
3
384
262153
3
195
262153
3
353
262153
3
305
262153
3
293
262153
3
212
262153
3
290
262153
3
104
262153
3
263
262153
2
66
262153
3
243
262153
3
401
262153
2
87
262153
3
272
262153
2
41
262153
2
39
262153
3
308
262153
3
216
262153
3
416
262153
3
242
262153
3
257
262153
1
2
262153
3
392
262153
3
319
262153
3
307
262153
3
108
262153
3
138
262153
3
298
262153
3
296
262153
3
119
262153
3
153
262153
3
314
262153
3
386
262153
2
16
262153
3
126
262153
3
147
262153
2
67
262153
3
156
262153
2
84
262153
3
236
262153
3
207
262153
2
95
262153
3
429
262153
3
117
262153
3
362
262153
2
37
262153
3
388
262153
2
23
262153
2
20
262153
3
113
262153
3
189
262153
3
400
262153
3
328
262153
2
91
262153
3
373
262153
3
123
262153
2
63
262153
3
217
262153
3
333
262153
3
141
262153
3
148
262153
3
270
262153
3
196
262153
3
181
262153
2
93
262153
3
385
262153
3
183
262153
3
419
262153
3
339
262153
3
150
262153
3
277
262153
3
128
262153
3
177
262153
3
100
262153
3
348
262153
3
282
262153
3
422
262153
3
229
262153
1
6
262153
2
48
262153
3
158
262153
3
152
262153
3
316
262153
3
336
262153
3
358
262153
3
266
262153
3
275
262153
3
287
262153
3
428
262153
3
157
262153
3
240
262153
3
424
262153
3
344
262153
3
269
262153
3
174
262153
3
115
262153
2
25
262153
2
52
262153
2
26
262153
3
161
262153
3
170
262153
3
186
262153
2
88
262153
1
5
262153
3
415
262153
3
335
262153
3
417
262153
3
404
262153
3
393
262153
3
178
262153
2
42
262153
2
62
262153
2
10
262153
3
118
262153
2
74
254
254
6
5375
1026
767
5631
1026
5887
5887
5122
6143
6143
5122
6399
10
1
0
5122
6655
6655
5122
6911
7167
254
774
1026
7423
6
7679
2
1791
2
7935
2
8191
2
8447
2
8703
2
8959
2
9215
2
9471
254
1026
9727
525
56
0
1
0
0
0
0
0
0
0
0
1
0
0
0
0
0
0
0
0
1
0
0
0
0
0
0
0
0
1
0
0
0
0
0
0
0
0
1
0
0
0
0
0
0
0
0
1
0
0
0
0
0
0
0
0
1
1026
4863
13
2
8
7
1026
5119
19
2
16
8
262153
5
value
262153
5
band1
262153
5
band2
262153
5
band3
262153
5
band4
262153
5
band5
262153
5
band6
262153
5
band7
16
7
262153
5
band1
262153
5
band2
262153
5
band3
262153
5
band4
262153
5
band5
262153
5
band6
262153
5
band7
254
1026
9983
16
7
262153
5
band1
262153
5
band2
262153
5
band3
262153
5
band4
262153
5
band5
262153
5
band6
262153
5
band7
1026
10239
13
7
1
1
1
1
1
1
1
1026
10495
13
1
1
1026
10751
13
1
1
1026
1023
16
2
262153
5
terms
262153
7
formula
1026
1279
253
1026
11007
6
7679
2
1791
2
7935
2
8191
2
8447
2
8703
2
8959
2
9215
2
9471
254
1026
11263
528
8
262153
7
numeric
262153
7
numeric
262153
7
numeric
262153
7
numeric
262153
7
numeric
262153
7
numeric
262153
7
numeric
262153
7
numeric
1026
3071
16
8
262153
5
value
262153
5
band1
262153
5
band2
262153
5
band3
262153
5
band4
262153
5
band5
262153
5
band6
262153
5
band7
254
254
1535
2
1791
2
6
11519
2
6
11519
2
6
11519
2
6
11519
2
6
11519
2
6
11519
2
7935
2
8191
254
2
8447
254
2
8703
254
2
8959
254
2
9215
254
2
9471
254
254
16
7
262153
5
band1
262153
5
band2
262153
5
band3
262153
5
band4
262153
5
band5
262153
5
band6
262153
5
band7
531
0
1026
3071
16
0
254
1026
3071
16
18
262153
1
n
262153
6
nunits
262153
5
nconn
262153
4
conn
262153
7
nsunits
262153
5
decay
262153
7
entropy
262153
7
softmax
262153
8
censored
262153
5
value
262153
3
wts
262153
11
convergence
262153
13
fitted.values
262153
9
residuals
262153
4
call
262153
5
terms
262153
9
coefnames
262153
7
xlevels
1026
1023
16
2
262153
12
nnet.formula
262153
4
nnet
254
787
18
14
3
7
4
1
13
1
13
14
14
0
0
0
0
0
0
0
0
0
8
16
24
32
37
14
37
0
1
2
3
4
5
6
7
0
1
2
3
4
5
6
7
0
1
2
3
4
5
6
7
0
1
2
3
4
5
6
7
0
8
9
10
11
14
1
12
14
1
0
10
1
0
10
1
0
10
1
0
14
1
19.25151571396618
14
37
6.852352845645464
0.784576111621013
1.01509727405942
-1.064105034365383
-1.241664745132852
15.86630261900962
-5.228317592943961
-15.98576919582225
3.201012451289179
9.068367297560695
-7.915087571296293
1.768957685857571
-1.816330668330327
9.874943388804326
-0.04030769020936629
-9.52164018650781
1.927913699902802
1.947587967235111
1.865404992956134
-2.164831576229176
-1.699382386315658
0.1512947835558925
0.472773943152322
2.273254443148567
-4.098820799957362
-9.958999721874543
10.58719968292502
-5.055409201861988
4.275132694544879
-16.11335918031831
-0.0835083197289174
15.68217679687597
5.998760208868245
-0.8296625552095419
-4.661759851510038
-1.355255012235303
-3.509580412287652
13
1
1
526
289
0.2010571922643637
1.636352822034481
0.7616160746700298
-0.6192891024839663
-0.8247910565351027
-0.8230150109795527
-0.80935258802077
0.6637471105899135
-0.648778296267238
1.197021230389604
-0.8418478414180296
-0.8195709685308528
1.345377545022912
-0.7645853479499173
-0.8187919626827007
-0.7889995821811517
-0.4935544227523005
-0.8202931880005052
-0.8261632012392883
1.500402257962273
1.429913114169175
-0.8068023416121336
1.821433530899689
1.093205789119513
1.543080471457611
-0.7607874235515497
1.952472406088264
-0.540262734377203
-0.8147316039641918
1.439353244402775
1.182916495618744
-0.686666771873167
-0.7853972087063578
-0.4919864746575598
-0.296727370847051
-0.7575308181165883
-0.2020811860853036
1.343228382098715
-0.7288785921388644
-0.8191476228943103
-0.5099547708232135
-0.833968297440711
1.414401825871795
1.246596458747959
-0.7601975945176327
0.1414308243749888
-0.8429265414092292
-0.8124630530895772
-0.8181207334283731
1.611928850848811
-0.6065425901496189
1.473114744545712
-0.800367302839354
-0.8245740288606537
-0.7438838726289649
0.7224213081049318
-0.9802230454446166
-0.834936277732396
-0.8075384773784257
-0.8168752835663883
-0.6742379902983372
-0.7976000914638213
1.20967189564611
1.800011416316199
1.24179865684279
-0.8327359152318869
0.7466234444753788
-0.8302196115671825
-0.391865423006778
0.8236425501555957
-0.7934611466683827
-0.8236035438463195
-0.7991657388238236
-0.7815388149997244
-0.7811641204424609
-0.8042912258206303
0.2688220406050105
-0.7267940619322679
-0.8229704276923075
-0.8240838877835656
1.588049406112281
1.624677045715611
-0.737717723921532
-0.7637982551778129
-0.8210194266289382
-0.7432967587956814
1.305569355434783
-0.1321078187580706
-0.04617406942208682
-0.837098638757116
1.308219359897256
-0.7874492207527577
-0.8135016068828512
0.6004459701584004
-0.4722081981206445
0.02505869515008596
0.8246373360482555
1.487432377372526
-0.8067844889461263
-0.7913754664271102
-0.6596677475702978
-0.5216213518574087
0.8594668149077429
1.11230859574252
-0.8116610305573317
1.950006183961092
-0.8088942927203451
1.761443844455866
1.479905932316978
-0.8360842769165447
-0.7707486756177058
-0.5777905333737993
1.355741458632885
1.153605898915621
1.536423277094002
1.074210320801089
1.577513826964723
-0.5605244217337547
0.7318501207996861
-0.7091280711888659
-0.268057114935925
-0.7678489324196437
-0.8211767953577992
-0.7950084479596952
-0.3542086505898991
-0.7927405272649621
1.674213642830181
-0.8395831027714244
-0.8235687696593513
-0.8028720551319811
-0.734352645748666
0.7599439502425471
-0.7337483204722975
-0.7753307904549769
1.591151721527207
-0.666142690027357
-0.8228522319383434
0.6776010856461423
-0.8355848963340915
-0.7678183491645464
-0.8117683967812531
1.18307255712105
-0.8194725934751993
0.9333938491721199
-0.7031399058159302
0.5364715182573216
1.181749810870323
-0.7778013775928797
1.556536769430887
0.7025891739723034
-0.750785795612443
-0.8037034660285581
-0.7957400161544455
1.139732625791093
-0.8224384955302482
0.270457149003647
1.222229936216429
-0.789074340440982
1.299564463319631
-0.7940177163022901
0.5126865278058337
1.139087720840498
-0.7771619591982641
-0.6155361539574921
-0.665617281836143
-0.8086055125721232
1.771207647174706
-0.8029157974760573
1.429041148960903
-0.7940637165544908
0.840420778766489
-0.8303545966497152
1.525463684762624
1.230684901060207
0.7707079422865966
-0.8082527742712792
1.544542051993022
1.16066360957057
-0.4228296595231724
-0.7809583458171432
1.253737804783891
-0.8026605598539603
-0.7901213840495019
-0.8221123652951094
0.9367256694041117
-0.6570764449060743
-0.6968434096292369
-0.0987385603087437
-0.8326559120232025
-0.840092548417527
0.3299996564663124
-0.789205294255636
1.173363004460708
1.583119385706001
0.2187309030429405
-0.6728318928160264
1.163235565031112
1.162931234832453
1.455726387213007
-0.8026622285929378
-0.8081943235200461
1.484385264913218
-0.6833009952609501
-0.7871642930044985
-0.815786815182206
1.386414513077616
1.459980489175579
-0.8358917562660335
-0.6223641656415387
-0.1667465289260024
-0.8317704886661734
-0.8154834241088125
-0.7771735416032273
-0.7966077089912224
-0.7528363482635846
-0.742203802397033
1.345015914705887
-0.8058828115656528
0.2408594914212411
-0.8197391482826287
1.12435940272828
-0.8378926524800772
-0.8257298118687556
-0.8110379877831577
0.7120341499528409
-0.7057776500380014
-0.3685996995718691
-0.8172249323491705
0.1094030757150305
-0.7966345352758328
-0.7565813720796135
1.177050594771446
1.559281009100033
-0.7547794045947513
-0.3520310580366993
0.4973438279156972
-0.7799965223806209
-0.7780293698308488
-0.5438335708480914
1.195324526328731
-0.801677240593624
1.294552025711164
1.325887960760528
-0.723931977727113
-0.8139839691764341
-0.6126365903750117
-0.7855353685701043
-0.7959717878269762
0.2870916577586469
1.651428744505604
0.8730660292354977
1.337717110065897
-0.7757475605067256
-0.839014256046096
-0.7383580843207719
-0.8152483250171226
1.515464955272276
0.8741683642427844
1.572639491423787
2.094264747904933
-0.5821340262190251
1.40221076971098
1.205919262563359
-0.7973217260296639
1.45185543962597
1.199346045226889
0.1265491652483269
1.23726564909976
0.4173604325655762
-0.7982921639904077
-0.6440761681879639
-0.8243220488329628
-0.7782175025199999
-0.7185182027664456
-0.8162850355303158
-0.6923125415637198
-0.8280974348434429
-0.6766110333689171
0.8028662255335073
1.174589062797502
0.8435999154991731
1.010307344268601
1.239125472612397
-0.8203342197844585
-0.8318136842396443
-0.8056352449629799
-0.6630122061115173
-0.8332353142515452
-0.8422011852540744
1026
4863
13
2
289
1
1026
5119
19
2
16
289
262153
3
313
262153
3
380
262153
3
329
262153
3
382
262153
3
197
262153
2
72
262153
3
140
262153
3
218
262153
3
311
262153
3
421
262153
2
15
262153
2
65
262153
3
426
262153
1
1
262153
3
165
262153
3
194
262153
3
163
262153
3
168
262153
2
75
262153
3
395
262153
3
188
262153
3
135
262153
3
398
262153
3
291
262153
3
265
262153
3
160
262153
3
286
262153
3
222
262153
2
92
262153
3
430
262153
3
321
262153
1
3
262153
2
76
262153
3
274
262153
3
149
262153
3
145
262153
3
346
262153
3
359
262153
3
245
262153
2
53
262153
3
309
262153
3
169
262153
3
364
262153
3
303
262153
3
102
262153
3
125
262153
2
24
262153
2
17
262153
2
22
262153
3
241
262153
3
371
262153
3
317
262153
3
121
262153
2
82
262153
3
279
262153
3
190
262153
3
276
262153
2
31
262153
3
164
262153
2
89
262153
3
297
262153
2
97
262153
3
367
262153
3
281
262153
3
363
262153
2
81
262153
3
350
262153
2
55
262153
3
220
262153
3
412
262153
3
251
262153
3
184
262153
3
136
262153
3
122
262153
2
18
262153
3
223
262153
3
345
262153
3
234
262153
3
182
262153
2
54
262153
3
394
262153
3
356
262153
1
4
262153
1
7
262153
2
51
262153
3
107
262153
3
288
262153
3
175
262153
3
433
262153
2
21
262153
3
320
262153
3
278
262153
2
27
262153
3
205
262153
3
244
262153
3
347
262153
3
340
262153
3
253
262153
2
33
262153
3
134
262153
2
99
262153
3
206
262153
3
324
262153
3
341
262153
3
173
262153
3
374
262153
3
210
262153
3
283
262153
3
381
262153
2
70
262153
3
198
262153
3
124
262153
3
338
262153
3
361
262153
3
255
262153
3
289
262153
3
434
262153
3
187
262153
3
403
262153
3
390
262153
3
176
262153
3
162
262153
2
28
262153
3
213
262153
3
221
262153
3
248
262153
3
411
262153
2
58
262153
2
86
262153
3
237
262153
2
11
262153
3
204
262153
3
246
262153
3
200
262153
3
284
262153
3
262
262153
3
208
262153
3
372
262153
2
29
262153
3
239
262153
3
154
262153
3
391
262153
2
64
262153
3
370
262153
2
43
262153
3
343
262153
3
408
262153
3
143
262153
3
264
262153
3
349
262153
3
235
262153
3
159
262153
3
225
262153
3
334
262153
2
59
262153
3
219
262153
3
379
262153
3
120
262153
3
357
262153
3
166
262153
3
203
262153
3
418
262153
3
232
262153
3
310
262153
3
103
262153
3
133
262153
3
267
262153
2
47
262153
3
407
262153
3
105
262153
3
256
262153
2
50
262153
3
405
262153
3
369
262153
3
384
262153
3
195
262153
3
353
262153
3
305
262153
3
293
262153
3
212
262153
3
290
262153
3
104
262153
3
263
262153
2
66
262153
3
243
262153
3
401
262153
2
87
262153
3
272
262153
2
41
262153
2
39
262153
3
308
262153
3
216
262153
3
416
262153
3
242
262153
3
257
262153
1
2
262153
3
392
262153
3
319
262153
3
307
262153
3
108
262153
3
138
262153
3
298
262153
3
296
262153
3
119
262153
3
153
262153
3
314
262153
3
386
262153
2
16
262153
3
126
262153
3
147
262153
2
67
262153
3
156
262153
2
84
262153
3
236
262153
3
207
262153
2
95
262153
3
429
262153
3
117
262153
3
362
262153
2
37
262153
3
388
262153
2
23
262153
2
20
262153
3
113
262153
3
189
262153
3
400
262153
3
328
262153
2
91
262153
3
373
262153
3
123
262153
2
63
262153
3
217
262153
3
333
262153
3
141
262153
3
148
262153
3
270
262153
3
196
262153
3
181
262153
2
93
262153
3
385
262153
3
183
262153
3
419
262153
3
339
262153
3
150
262153
3
277
262153
3
128
262153
3
177
262153
3
100
262153
3
348
262153
3
282
262153
3
422
262153
3
229
262153
1
6
262153
2
48
262153
3
158
262153
3
152
262153
3
316
262153
3
336
262153
3
358
262153
3
266
262153
3
275
262153
3
287
262153
3
428
262153
3
157
262153
3
240
262153
3
424
262153
3
344
262153
3
269
262153
3
174
262153
3
115
262153
2
25
262153
2
52
262153
2
26
262153
3
161
262153
3
170
262153
3
186
262153
2
88
262153
1
5
262153
3
415
262153
3
335
262153
3
417
262153
3
404
262153
3
393
262153
3
178
262153
2
42
262153
2
62
262153
2
10
262153
3
118
262153
2
74
254
254
526
289
0.5743902454363576
0.05788855671897664
-0.3990443952904739
-0.3730695236129804
0.09992940061806588
0.1795654764216194
0.1019363866806846
-0.0336784610304478
0.3891287624022191
0.09597469309398732
0.04720436719319088
0.1063396156651175
0.005769893717181507
0.3711873289949442
0.07066970066306444
-0.1219469225566915
-0.3359799606264393
0.1186921381860697
-0.1313045157037573
0.3334027574067882
-0.3346323425576914
0.07031038264379708
0.03563209057197381
-0.06770683581583148
0.2616487862831987
0.5709197079943344
0.1779053370889603
-0.02177467882162687
0.1131305541497563
0.1502154068889774
-0.3725781487641215
0.2758232983412426
0.08961131041757209
-0.01771457481041772
-0.5095464064290876
0.03848431372520311
0.5472074108879081
0.1591129963082845
-0.5309770041379921
-0.03364736658703071
0.1688931155990928
0.1556278537288767
0.5589668261128722
0.7035115871341062
-0.296127698361466
-0.04635611517534281
-0.01568359959776167
-0.0694076940200149
0.06999847140873683
-0.1619238361726645
-0.18228573254957
0.3548751192976993
-0.005906474436784603
0.1113426759949184
-0.1612474805832284
-0.1853950829558693
0.1157977529119758
0.04610795503320708
0.001264700102287075
-0.1754833425305584
0.07149451641995641
-0.148237322427923
0.4031573617482438
-0.02435791620364047
0.5571154493723705
0.06716819863529933
0.05789975085359367
0.05302159191929512
0.3241158894882171
0.06229276653248017
-0.006997479082105906
0.1510782516601351
0.1091949920606895
-0.04799556837901531
0.01559640384587324
-0.2578492185841184
-0.6098836958291312
-0.3004554733185798
0.1271845294035219
0.01781011050742698
-0.09733833075658116
-0.01184778832125732
0.09426818936359871
0.1377941751968309
-0.1015573811602047
0.03006540592994611
0.144435659241364
0.413267376778523
0.6995033250841538
0.1354975889426805
-0.201308285234473
0.1672602922974257
0.06537934486321495
0.02962267940106533
-0.4096625489889477
-0.2149264107073012
-0.1073414136040364
0.2416999105348323
-0.09834686426606698
-0.04397406847727947
-0.2396484541162456
0.02936575696638083
0.1369563807676876
-0.4938702492343543
0.02283270785814284
-0.2325041991050356
-0.0846067574405468
-0.01486610197155858
0.5167233257702897
0.111222620999508
0.1272991410597725
-0.08310445576108372
-0.5221425056756616
-0.8375554317412675
0.08222113182600199
0.2304159057338027
0.01786997585267969
0.289244584817436
-0.6251451085487404
0.07730883968223401
0.2759045512508176
0.1709206100669128
0.09631513944076242
0.08177709509395992
-0.1264166412498273
-0.08913021984462999
-0.305620749513138
0.4054790231368988
-0.1048231896554432
0.008228580907142402
0.05601220203683166
-0.4729692406964448
-0.5086618212276076
0.143511558948345
0.3240654152009579
-0.2157280570822351
-0.181136697209903
-0.5476354672925954
0.1049080888914049
0.1069233600296634
0.1101673469668176
0.2611173060294472
-0.0565830021087429
0.1269960132854626
-0.1787308412936619
-0.7379695368658383
0.2275491431262726
-0.005211793580659263
0.3761258218742285
0.3345400823826781
-0.3695061640488079
0.05558120400892186
0.1115844209169613
-0.160754884692614
0.1731738094466649
0.08048422732460742
0.3498932604983724
0.04095207842134574
-0.1693927825542467
0.01681969665440275
-0.08033303011847581
-0.2124463434728716
-0.1686754546934801
-0.01046792602348989
-0.3383716473121035
-0.1139712952170198
-0.001369298587796663
-0.1836276770952394
0.2477547752156029
-0.07617672750380144
-0.01263697733491531
0.1345686983609296
-0.6860495802797503
-0.07143746266657081
-0.5069938388430955
-0.1201391850435154
-0.5132279471636907
0.08581110170781847
0.01780133751689794
0.06191184142575801
0.178821755315306
-0.172252611666035
0.01873851592726439
-0.1702462608018372
-0.108941867972538
-0.1317518777931146
-0.1326909737495029
0.1356617542518874
0.02638213474706397
0.09197028639789073
0.4105568720805079
0.1457557596977027
0.2359359495358879
-0.1040386134016034
-0.135286496894596
-0.01713885394710768
-0.05050933884267694
0.5254949923953522
-0.2499577366141692
0.03709451199635017
0.153114485910813
-0.2088347960065779
0.03403630917736689
0.050672334036162
0.0909251592651692
-0.2678731353635309
0.08306694991097152
0.0005422213616438354
0.4615722077125746
0.3664939655873514
0.002236105287433676
0.1196975258200268
-0.05817599330116241
-0.06200243201576849
-0.2278919747820606
-0.07570027793040701
0.07591334234200864
0.1449878224307698
-0.308609024939802
-0.0621315988269634
-0.2674998436684549
0.05487948130653819
0.1124984590030204
-0.1871357898394388
-0.02381398513687283
-0.1237567333407383
0.5916077423358193
0.0109511550730319
-0.3399768519517983
-0.1026816664107105
-0.1834408902864808
-0.2271486113012182
-0.2139487218855889
0.02410259715206475
-0.256527567367333
0.9933672474400022
-0.06116816404942027
-0.01661410439398991
-0.2101038426971965
0.4989168524247265
0.1349670999330895
0.02170450387502898
-0.5853314322137075
-0.2626114968441837
0.1181980708876484
-0.147115974695926
-0.2300838636294436
-0.2487232020008229
0.2731951734930169
-0.1083813054190534
0.5711238339149993
0.1006576015589502
0.2834919656156977
-0.08937770326869854
0.01349642840373511
0.1078321236770372
-0.2631750924682372
0.01176695244529147
-0.14007993132459
-0.2371991264332707
-0.2066942964801638
0.4781154578632836
0.1743039338049861
0.1131661307921797
0.1667889692940336
-0.08661981903845373
-0.6304350631906546
0.3464878506663427
-0.08967966233992136
-0.1533604014269864
-0.2552400334985795
-0.04591839522532948
0.0591709981286147
0.3774565475423249
0.1437597433441314
0.1477205829418413
-0.2747490702408584
-0.1296627439072214
0.3854569704883795
-0.09675374576296925
0.05978085576585246
0.05589766971463139
0.04805529934554476
-0.2243607700433405
-0.009351002190396862
-0.1983536841852666
-0.1200009650620216
0.1723403251166622
-0.08619077406072018
1026
4863
13
2
289
1
1026
5119
19
2
16
289
262153
3
313
262153
3
380
262153
3
329
262153
3
382
262153
3
197
262153
2
72
262153
3
140
262153
3
218
262153
3
311
262153
3
421
262153
2
15
262153
2
65
262153
3
426
262153
1
1
262153
3
165
262153
3
194
262153
3
163
262153
3
168
262153
2
75
262153
3
395
262153
3
188
262153
3
135
262153
3
398
262153
3
291
262153
3
265
262153
3
160
262153
3
286
262153
3
222
262153
2
92
262153
3
430
262153
3
321
262153
1
3
262153
2
76
262153
3
274
262153
3
149
262153
3
145
262153
3
346
262153
3
359
262153
3
245
262153
2
53
262153
3
309
262153
3
169
262153
3
364
262153
3
303
262153
3
102
262153
3
125
262153
2
24
262153
2
17
262153
2
22
262153
3
241
262153
3
371
262153
3
317
262153
3
121
262153
2
82
262153
3
279
262153
3
190
262153
3
276
262153
2
31
262153
3
164
262153
2
89
262153
3
297
262153
2
97
262153
3
367
262153
3
281
262153
3
363
262153
2
81
262153
3
350
262153
2
55
262153
3
220
262153
3
412
262153
3
251
262153
3
184
262153
3
136
262153
3
122
262153
2
18
262153
3
223
262153
3
345
262153
3
234
262153
3
182
262153
2
54
262153
3
394
262153
3
356
262153
1
4
262153
1
7
262153
2
51
262153
3
107
262153
3
288
262153
3
175
262153
3
433
262153
2
21
262153
3
320
262153
3
278
262153
2
27
262153
3
205
262153
3
244
262153
3
347
262153
3
340
262153
3
253
262153
2
33
262153
3
134
262153
2
99
262153
3
206
262153
3
324
262153
3
341
262153
3
173
262153
3
374
262153
3
210
262153
3
283
262153
3
381
262153
2
70
262153
3
198
262153
3
124
262153
3
338
262153
3
361
262153
3
255
262153
3
289
262153
3
434
262153
3
187
262153
3
403
262153
3
390
262153
3
176
262153
3
162
262153
2
28
262153
3
213
262153
3
221
262153
3
248
262153
3
411
262153
2
58
262153
2
86
262153
3
237
262153
2
11
262153
3
204
262153
3
246
262153
3
200
262153
3
284
262153
3
262
262153
3
208
262153
3
372
262153
2
29
262153
3
239
262153
3
154
262153
3
391
262153
2
64
262153
3
370
262153
2
43
262153
3
343
262153
3
408
262153
3
143
262153
3
264
262153
3
349
262153
3
235
262153
3
159
262153
3
225
262153
3
334
262153
2
59
262153
3
219
262153
3
379
262153
3
120
262153
3
357
262153
3
166
262153
3
203
262153
3
418
262153
3
232
262153
3
310
262153
3
103
262153
3
133
262153
3
267
262153
2
47
262153
3
407
262153
3
105
262153
3
256
262153
2
50
262153
3
405
262153
3
369
262153
3
384
262153
3
195
262153
3
353
262153
3
305
262153
3
293
262153
3
212
262153
3
290
262153
3
104
262153
3
263
262153
2
66
262153
3
243
262153
3
401
262153
2
87
262153
3
272
262153
2
41
262153
2
39
262153
3
308
262153
3
216
262153
3
416
262153
3
242
262153
3
257
262153
1
2
262153
3
392
262153
3
319
262153
3
307
262153
3
108
262153
3
138
262153
3
298
262153
3
296
262153
3
119
262153
3
153
262153
3
314
262153
3
386
262153
2
16
262153
3
126
262153
3
147
262153
2
67
262153
3
156
262153
2
84
262153
3
236
262153
3
207
262153
2
95
262153
3
429
262153
3
117
262153
3
362
262153
2
37
262153
3
388
262153
2
23
262153
2
20
262153
3
113
262153
3
189
262153
3
400
262153
3
328
262153
2
91
262153
3
373
262153
3
123
262153
2
63
262153
3
217
262153
3
333
262153
3
141
262153
3
148
262153
3
270
262153
3
196
262153
3
181
262153
2
93
262153
3
385
262153
3
183
262153
3
419
262153
3
339
262153
3
150
262153
3
277
262153
3
128
262153
3
177
262153
3
100
262153
3
348
262153
3
282
262153
3
422
262153
3
229
262153
1
6
262153
2
48
262153
3
158
262153
3
152
262153
3
316
262153
3
336
262153
3
358
262153
3
266
262153
3
275
262153
3
287
262153
3
428
262153
3
157
262153
3
240
262153
3
424
262153
3
344
262153
3
269
262153
3
174
262153
3
115
262153
2
25
262153
2
52
262153
2
26
262153
3
161
262153
3
170
262153
3
186
262153
2
88
262153
1
5
262153
3
415
262153
3
335
262153
3
417
262153
3
404
262153
3
393
262153
3
178
262153
2
42
262153
2
62
262153
2
10
262153
3
118
262153
2
74
254
254
6
5375
1026
767
5631
1026
5887
5887
5122
6143
6143
5122
6399
10
1
0
5122
6655
6655
5122
6911
7167
254
774
1026
7423
6
7679
2
1791
2
7935
2
8191
2
8447
2
8703
2
8959
2
9215
2
9471
254
1026
9727
525
56
0
1
0
0
0
0
0
0
0
0
1
0
0
0
0
0
0
0
0
1
0
0
0
0
0
0
0
0
1
0
0
0
0
0
0
0
0
1
0
0
0
0
0
0
0
0
1
0
0
0
0
0
0
0
0
1
1026
4863
13
2
8
7
1026
5119
19
2
16
8
262153
5
value
262153
5
band1
262153
5
band2
262153
5
band3
262153
5
band4
262153
5
band5
262153
5
band6
262153
5
band7
16
7
262153
5
band1
262153
5
band2
262153
5
band3
262153
5
band4
262153
5
band5
262153
5
band6
262153
5
band7
254
1026
9983
16
7
262153
5
band1
262153
5
band2
262153
5
band3
262153
5
band4
262153
5
band5
262153
5
band6
262153
5
band7
1026
10239
13
7
1
1
1
1
1
1
1
1026
10495
13
1
1
1026
10751
13
1
1
1026
1023
16
2
262153
5
terms
262153
7
formula
1026
1279
253
1026
11007
6
7679
2
1791
2
7935
2
8191
2
8447
2
8703
2
8959
2
9215
2
9471
254
1026
11263
528
8
262153
7
numeric
262153
7
numeric
262153
7
numeric
262153
7
numeric
262153
7
numeric
262153
7
numeric
262153
7
numeric
262153
7
numeric
1026
3071
16
8
262153
5
value
262153
5
band1
262153
5
band2
262153
5
band3
262153
5
band4
262153
5
band5
262153
5
band6
262153
5
band7
254
254
1535
2
1791
2
6
11519
2
6
11519
2
6
11519
2
6
11519
2
6
11519
2
6
11519
2
7935
2
8191
254
2
8447
254
2
8703
254
2
8959
254
2
9215
254
2
9471
254
254
16
7
262153
5
band1
262153
5
band2
262153
5
band3
262153
5
band4
262153
5
band5
262153
5
band6
262153
5
band7
531
0
1026
3071
16
0
254
1026
3071
16
18
262153
1
n
262153
6
nunits
262153
5
nconn
262153
4
conn
262153
7
nsunits
262153
5
decay
262153
7
entropy
262153
7
softmax
262153
8
censored
262153
5
value
262153
3
wts
262153
11
convergence
262153
13
fitted.values
262153
9
residuals
262153
4
call
262153
5
terms
262153
9
coefnames
262153
7
xlevels
1026
1023
16
2
262153
12
nnet.formula
262153
4
nnet
254
14
8
0.09497260876624845
0.08009451971752189
0.0538826723329516
0.2895900208965371
0.1346785259975724
295.3583127134715
0.05110670293624472
0
14
8
0.01183960967836599
0.01015866806398305
0.007611966465842741
0.04781590826154662
0.03217897744871503
2.28733371878486
0.0162956474335515
0
14
1
210.1650519031142
14
1
17.19645645670746
14
1
3
1026
3071
16
6
262153
3
mlp
262153
2
cx
262153
2
sx
262153
2
cy
262153
2
sy
262153
2
nr
254
1026
1
262153
8
outindex
13
1
8
1026
1
262153
6
levels
16
1
262153
0

1026
1023
528
1
262153
5
model
1026
1
262153
7
package
16
1
262153
6
rminer
254
254
254
